0 2
1 2
2 3
3 4
4 4
5 5
6 5
7 5
8 5
9 5
10 5
11 5
12 5
13 5
14 5
15 5
16 6
17 6
18 6
19 6
20 7
21 7
22 7
23 7
24 7
25 7
26 7
27 7
28 7
29 7
30 8
31 8
32 8
33 8
34 8
35 8
36 8
37 8
38 8
39 8
40 8
41 8
42 8
43 8
44 8
45 9
46 9
47 9
48 9
49 9
50 9
51 9
52 9
53 9
54 9
55 9
56 9
57 9
58 9
59 9
60 9
61 9
62 9
63 9
64 9
65 9
66 9
67 9
68 9
69 9
70 9
71 9
72 9
73 9
74 9
75 9
76 9
77 9
78 9
79 9
80 9
81 9
82 9
83 10
84 10
85 10
86 10
87 11
88 11
89 11
90 11
91 11
92 11
93 11
94 11
95 11
96 11
97 11
98 11
99 11
100 11
101 11
102 11
103 11
104 11
105 11
106 11
107 11
108 11
109 11
110 11
111 11
112 11
113 11
114 11
115 11
116 11
117 11
118 11
119 11
120 11
121 11
122 11
123 11
124 11
125 11
126 11
127 11
128 11
129 11
130 11
131 11
132 11
133 11
134 11
135 11
136 11
137 11
138 12
139 12
140 12
141 12
142 12
143 12
144 12
145 12
146 12
147 12
148 12
149 12
150 12
151 12
152 12
153 12
154 12
155 12
156 12
157 12
158 12
159 12
160 12
161 12
162 12
163 12
164 12
165 12
166 12
167 13
168 13
169 13
170 13
171 13
172 13
173 13
174 13
175 13
176 13
177 13
178 13
179 13
180 13
181 13
182 13
183 13
184 13
185 13
186 13
187 13
188 13
189 13
190 13
191 13
192 13
193 13
194 13
195 13
196 13
197 13
198 13
199 13
200 13
201 13
202 13
203 13
204 13
205 13
206 13
207 13
208 13
209 13
210 13
211 13
212 13
213 13
214 13
215 13
216 13
217 13
218 13
219 13
220 13
221 13
222 13
223 13
224 13
225 13
226 13
227 13
228 13
229 13
230 13
231 13
232 14
233 14
234 14
235 14
236 14
237 14
238 15
239 15
240 15
241 15
242 15
243 15
244 15
245 15
246 15
247 15
248 15
249 15
250 15
251 15
252 15
253 15
254 15
255 15
256 15
257 15
258 15
259 15
260 15
261 15
262 15
263 15
264 15
265 15
266 15
267 16
268 16
269 16
270 16
271 16
272 16
273 16
274 16
275 16
276 16
277 16
278 16
279 16
280 16
281 16
282 16
283 16
284 16
285 16
286 16
287 16
288 16
289 16
290 16
291 16
292 16
293 16
294 16
295 16
296 16
297 16
298 16
299 16
300 16
301 16
302 16
303 16
304 16
305 16
306 16
307 16
308 16
309 16
310 16
311 16
312 16
313 16
314 16
315 16
316 16
317 16
318 16
319 16
320 16
321 16
322 16
323 16
324 16
325 16
326 16
327 16
328 16
329 16
330 16
331 16
332 16
333 16
334 16
335 16
336 16
337 16
338 16
339 16
340 16
341 16
342 16
343 16
344 16
345 16
346 16
347 16
348 16
349 16
350 16
351 16
352 16
353 16
354 16
355 16
356 16
357 16
358 16
359 16
360 16
361 16
362 16
363 16
364 16
365 16
366 16
367 17
368 17
369 17
370 17
371 17
372 17
373 17
374 17
375 17
376 17
377 17
378 17
379 17
380 17
381 17
382 17
383 18
384 18
385 18
386 19
387 19
388 19
389 19
390 19
391 19
392 19
393 19
394 19
395 19
396 19
397 19
398 19
399 19
400 19
401 19
402 19
403 19
404 19
405 19
406 19
407 19
408 19
409 19
410 19
411 19
412 19
413 19
414 19
415 19
416 19
417 19
418 19
419 19
420 19
421 19
422 19
423 19
424 19
425 19
426 19
427 20
428 20
429 20
430 20
431 20
432 20
433 20
434 20
435 20
436 20
437 20
438 20
439 20
440 20
441 20
442 20
443 20
444 20
445 20
446 20
447 20
448 20
449 20
450 20
451 20
452 20
453 20
454 20
455 20
456 20
457 20
458 20
459 20
460 20
461 20
462 20
463 20
464 20
465 20
466 20
467 20
468 20
469 20
470 20
471 20
472 20
473 20
474 20
475 20
476 20
477 20
478 20
479 20
480 20
481 20
482 20
483 20
484 20
485 20
486 21
487 21
488 21
489 21
490 21
491 21
492 21
493 21
494 21
495 21
496 21
497 21
498 21
499 21
500 21
501 21
502 21
503 21
504 21
505 21
506 21
507 21
508 21
509 21
510 21
511 21
512 21
513 21
514 21
515 21
516 21
517 21
518 21
519 21
520 21
521 21
522 21
523 21
524 21
525 21
526 21
527 21
528 21
529 21
530 21
531 21
532 21
533 21
534 21
535 21
536 21
537 21
538 21
539 21
540 21
541 21
542 21
543 21
544 21
545 21
546 21
547 21
548 21
549 21
550 21
551 21
552 21
553 21
554 21
555 21
556 21
557 21
558 21
559 21
560 21
561 21
562 21
563 21
564 21
565 21
566 21
567 21
568 21
569 21
570 21
571 21
572 21
573 21
574 21
575 21
576 21
577 21
578 21
579 21
580 21
581 21
582 21
583 21
584 21
585 21
586 21
587 21
588 21
589 21
590 21
591 21
592 21
593 21
594 21
595 21
596 21
597 21
598 21
599 21
600 21
601 21
602 21
603 21
604 21
605 21
606 21
607 21
608 21
609 21
610 21
611 21
612 21
613 21
614 21
615 21
616 21
617 21
618 21
619 21
620 21
621 21
622 21
623 21
624 21
625 21
626 21
627 21
628 21
629 21
630 21
631 21
632 21
633 21
634 21
635 21
636 21
637 21
638 21
639 21
640 21
641 21
642 21
643 21
644 21
645 21
646 21
647 21
648 21
649 21
650 21
651 21
652 21
653 21
654 21
655 21
656 21
657 21
658 21
659 21
660 21
661 21
662 21
663 21
664 21
665 21
666 21
667 21
668 21
669 21
670 21
671 21
672 21
673 21
674 21
675 21
676 21
677 21
678 21
679 21
680 21
681 21
682 21
683 21
684 21
685 21
686 21
687 21
688 21
689 21
690 21
691 21
692 21
693 21
694 21
695 21
696 21
697 21
698 21
699 21
700 21
701 21
702 21
703 21
704 21
705 21
706 21
707 21
708 21
709 21
710 21
711 21
712 21
713 21
714 21
715 21
716 21
717 21
718 21
719 21
720 21
721 21
722 21
723 21
724 21
725 21
726 21
727 21
728 21
729 21
730 21
731 21
732 21
733 21
734 21
735 21
736 21
737 21
738 21
739 21
740 21
741 21
742 21
743 21
744 21
745 21
746 21
747 21
748 21
749 21
750 21
751 21
752 21
753 21
754 21
755 21
756 21
757 21
758 21
759 21
760 21
761 21
762 21
763 21
764 21
765 21
766 21
767 21
768 21
769 21
770 21
771 21
772 21
773 21
774 21
775 21
776 21
777 21
778 21
779 21
780 21
781 21
782 21
783 21
784 21
785 21
786 21
787 21
788 21
789 21
790 21
791 21
792 21
793 21
794 21
795 21
796 21
797 21
798 21
799 21
800 21
801 21
802 21
803 21
804 21
805 21
806 21
807 21
808 22
809 22
810 22
811 22
812 22
813 22
814 22
815 22
816 22
817 22
818 22
819 22
820 22
821 22
822 22
823 22
824 22
825 22
826 22
827 22
828 22
829 22
830 22
831 22
832 22
833 22
834 22
835 22
836 22
837 22
838 22
839 22
840 22
841 22
842 22
843 22
844 22
845 22
846 22
847 22
848 22
849 22
850 22
851 22
852 22
853 22
854 22
855 22
856 22
857 22
858 22
859 22
860 22
861 22
862 22
863 22
864 22
865 22
866 22
867 22
868 22
869 22
870 22
871 22
872 22
873 22
874 22
875 22
876 22
877 22
878 22
879 22
880 22
881 22
882 22
883 22
884 22
885 22
886 22
887 22
888 22
889 22
890 22
891 22
892 22
893 22
894 22
895 22
896 22
897 22
898 22
899 22
900 22
901 22
902 22
903 22
904 22
905 22
906 22
907 22
908 22
909 22
910 22
911 22
912 22
913 22
914 22
915 22
916 22
917 22
918 22
919 22
920 22
921 22
922 22
923 22
924 22
925 22
926 22
927 22
928 22
929 22
930 22
931 22
932 22
933 22
934 22
935 22
936 22
937 22
938 22
939 22
940 22
941 22
942 22
943 22
944 22
945 22
946 22
947 22
948 22
949 22
950 22
951 22
952 22
953 22
954 22
955 22
956 22
957 22
958 22
959 22
960 22
961 22
962 22
963 22
964 22
965 22
966 22
967 22
968 22
969 22
970 22
971 22
972 22
973 22
974 22
975 22
976 22
977 22
978 22
979 22
980 22
981 22
982 22
983 22
984 22
985 22
986 22
987 22
988 22
989 22
990 22
991 22
992 22
993 22
994 22
995 22
996 22
997 22
998 22
999 22
1000 22
1001 22
1002 22
1003 22
1004 22
1005 22
1006 22
1007 22
1008 22
1009 22
1010 22
1011 22
1012 22
1013 22
1014 22
1015 22
1016 22
1017 22
1018 22
1019 22
1020 22
1021 22
1022 22
1023 22
1024 22
1025 22
1026 22
1027 22
1028 22
1029 22
1030 22
1031 22
1032 22
1033 22
1034 22
1035 22
1036 22
1037 22
1038 22
1039 22
1040 22
1041 22
1042 22
1043 22
1044 22
1045 22
1046 22
1047 22
1048 22
1049 22
1050 22
1051 22
1052 22
1053 22
1054 22
1055 22
1056 22
1057 22
1058 22
1059 22
1060 22
1061 22
1062 22
1063 22
1064 22
1065 22
1066 22
1067 22
1068 22
1069 22
1070 22
1071 22
1072 22
1073 22
1074 22
1075 22
1076 22
1077 22
1078 22
1079 22
1080 22
1081 22
1082 22
1083 22
1084 22
1085 22
1086 22
1087 22
1088 22
1089 22
1090 22
1091 22
1092 22
1093 22
1094 22
1095 22
1096 22
1097 22
1098 22
1099 22
1100 22
1101 22
1102 22
1103 22
1104 22
1105 22
1106 22
1107 22
1108 22
1109 22
1110 22
1111 22
1112 22
1113 22
1114 22
1115 22
1116 22
1117 22
1118 22
1119 22
1120 22
1121 22
1122 22
1123 22
1124 22
1125 22
1126 22
1127 22
1128 22
1129 22
1130 22
1131 22
1132 22
1133 22
1134 22
1135 22
1136 22
1137 22
1138 22
1139 22
1140 22
1141 22
1142 22
1143 22
1144 22
1145 22
1146 22
1147 22
1148 22
1149 22
1150 22
1151 22
1152 22
1153 22
1154 22
1155 22
1156 22
1157 22
1158 22
1159 22
1160 22
1161 22
1162 22
1163 22
1164 22
1165 22
1166 22
1167 22
1168 22
1169 22
1170 22
1171 22
1172 22
1173 22
1174 22
1175 22
1176 22
1177 22
1178 22
1179 22
1180 22
1181 22
1182 22
1183 22
1184 22
1185 22
1186 22
1187 22
1188 22
1189 22
1190 22
1191 22
1192 22
1193 22
1194 22
1195 22
1196 22
1197 22
1198 22
1199 22
1200 22
1201 22
1202 22
1203 22
1204 22
1205 22
1206 22
1207 22
1208 22
1209 22
1210 22
1211 22
1212 22
1213 22
1214 22
1215 22
1216 22
1217 22
1218 22
1219 22
1220 22
1221 22
1222 22
1223 22
1224 22
1225 22
1226 22
1227 22
1228 22
1229 22
1230 22
1231 22
1232 22
1233 22
1234 22
1235 22
1236 22
1237 22
1238 22
1239 22
1240 22
1241 22
1242 22
1243 22
1244 22
1245 22
1246 22
1247 22
1248 22
1249 22
1250 22
1251 22
1252 22
1253 22
1254 22
1255 22
1256 22
1257 22
1258 22
1259 22
1260 22
1261 22
1262 22
1263 22
1264 22
1265 22
1266 22
1267 22
1268 22
1269 22
1270 22
1271 22
1272 22
1273 22
1274 22
1275 22
1276 22
1277 22
1278 22
1279 22
1280 22
1281 22
1282 22
1283 22
1284 22
1285 22
1286 22
1287 22
1288 22
1289 22
1290 22
1291 22
1292 22
1293 22
1294 22
1295 22
1296 22
1297 22
1298 22
1299 22
1300 22
1301 22
1302 22
1303 22
1304 22
1305 22
1306 22
1307 22
1308 22
1309 22
1310 22
1311 22
1312 22
1313 22
1314 22
1315 22
1316 22
1317 22
1318 22
1319 22
1320 22
1321 22
1322 22
1323 22
1324 22
1325 22
1326 22
1327 22
1328 22
1329 22
1330 22
1331 22
1332 22
1333 22
1334 22
1335 22
1336 22
1337 22
1338 22
1339 22
1340 22
1341 22
1342 22
1343 22
1344 22
1345 22
1346 22
1347 22
1348 22
1349 22
1350 22
1351 22
1352 22
1353 22
1354 22
1355 22
1356 22
1357 22
1358 22
1359 22
1360 22
1361 22
1362 22
1363 22
1364 22
1365 22
1366 22
1367 22
1368 22
1369 22
1370 22
1371 22
1372 22
1373 22
1374 22
1375 22
1376 22
1377 22
1378 22
1379 22
1380 22
1381 22
1382 22
1383 22
1384 22
1385 23
1386 23
1387 23
1388 23
1389 23
1390 23
1391 23
1392 23
1393 23
1394 23
1395 23
1396 23
1397 23
1398 23
1399 23
1400 23
1401 23
1402 23
1403 23
1404 23
1405 23
1406 23
1407 23
1408 23
1409 23
1410 23
1411 23
1412 23
1413 23
1414 23
1415 23
1416 23
1417 23
1418 23
1419 23
1420 23
1421 23
1422 23
1423 23
1424 23
1425 23
1426 23
1427 23
1428 23
1429 23
1430 23
1431 23
1432 23
1433 23
1434 23
1435 23
1436 23
1437 23
1438 23
1439 23
1440 23
1441 23
1442 23
1443 23
1444 23
1445 23
1446 23
1447 23
1448 23
1449 23
1450 23
1451 23
1452 23
1453 23
1454 23
1455 23
1456 23
1457 23
1458 23
1459 23
1460 23
1461 23
1462 23
1463 23
1464 23
1465 23
1466 23
1467 23
1468 23
1469 23
1470 23
1471 23
1472 23
1473 23
1474 23
1475 23
1476 23
1477 23
1478 24
1479 24
1480 24
1481 24
1482 24
1483 24
1484 24
1485 24
1486 24
1487 24
1488 24
1489 24
1490 24
1491 24
1492 24
1493 24
1494 24
1495 24
1496 24
1497 24
1498 24
1499 24
1500 24
1501 24
1502 24
1503 24
1504 24
1505 24
1506 24
1507 24
1508 24
1509 24
1510 24
1511 24
1512 24
1513 24
1514 24
1515 24
1516 24
1517 24
1518 24
1519 24
1520 24
1521 24
1522 24
1523 24
1524 24
1525 24
1526 24
1527 24
1528 24
1529 24
1530 24
1531 24
1532 24
1533 24
1534 24
1535 24
1536 24
1537 24
1538 24
1539 24
1540 24
1541 24
1542 24
1543 24
1544 24
1545 24
1546 24
1547 24
1548 24
1549 24
1550 24
1551 24
1552 24
1553 24
1554 24
1555 24
1556 24
1557 24
1558 24
1559 24
1560 24
1561 24
1562 24
1563 24
1564 24
1565 24
1566 24
1567 24
1568 24
1569 24
1570 24
1571 24
1572 24
1573 24
1574 24
1575 24
1576 24
1577 24
1578 24
1579 24
1580 24
1581 24
1582 24
1583 24
1584 24
1585 24
1586 24
1587 24
1588 24
1589 24
1590 24
1591 24
1592 24
1593 24
1594 24
1595 24
1596 24
1597 24
1598 24
1599 24
1600 24
1601 24
1602 24
1603 24
1604 24
1605 24
1606 24
1607 24
1608 24
1609 24
1610 24
1611 24
1612 24
1613 24
1614 24
1615 24
1616 24
1617 24
1618 24
1619 24
1620 24
1621 24
1622 24
1623 24
1624 24
1625 24
1626 24
1627 24
1628 24
1629 24
1630 24
1631 24
1632 24
1633 24
1634 24
1635 24
1636 24
1637 24
1638 24
1639 24
1640 24
1641 24
1642 24
1643 24
1644 24
1645 24
1646 24
1647 24
1648 24
1649 24
1650 24
1651 24
1652 24
1653 24
1654 24
1655 24
1656 24
1657 24
1658 24
1659 24
1660 24
1661 24
1662 24
1663 24
1664 24
1665 24
1666 24
1667 24
1668 24
1669 24
1670 24
1671 24
1672 24
1673 24
1674 24
1675 24
1676 24
1677 24
1678 24
1679 24
1680 24
1681 24
1682 24
1683 24
1684 24
1685 24
1686 24
1687 24
1688 24
1689 24
1690 24
1691 24
1692 24
1693 24
1694 24
1695 24
1696 24
1697 24
1698 24
1699 24
1700 24
1701 24
1702 24
1703 24
1704 24
1705 24
1706 24
1707 24
1708 24
1709 24
1710 24
1711 24
1712 24
1713 24
1714 24
1715 24
1716 24
1717 24
1718 24
1719 24
1720 24
1721 24
1722 24
1723 24
1724 24
1725 24
1726 24
1727 24
1728 24
1729 24
1730 24
1731 24
1732 24
1733 24
1734 24
1735 24
1736 24
1737 24
1738 24
1739 24
1740 24
1741 24
1742 24
1743 24
1744 24
1745 24
1746 24
1747 24
1748 24
1749 24
1750 24
1751 24
1752 24
1753 24
1754 24
1755 24
1756 24
1757 24
1758 24
1759 24
1760 24
1761 24
1762 24
1763 24
1764 24
1765 24
1766 24
1767 24
1768 24
1769 24
1770 24
1771 24
1772 24
1773 24
1774 24
1775 24
1776 24
1777 24
1778 24
1779 24
1780 24
1781 24
1782 24
1783 24
1784 24
1785 24
1786 24
1787 24
1788 24
1789 24
1790 24
1791 24
1792 24
1793 24
1794 24
1795 24
1796 24
1797 24
1798 24
1799 24
1800 24
1801 24
1802 24
1803 24
1804 24
1805 24
1806 24
1807 24
1808 24
1809 24
1810 24
1811 24
1812 24
1813 24
1814 24
1815 24
1816 24
1817 24
1818 24
1819 24
1820 24
1821 24
1822 24
1823 24
1824 24
1825 24
1826 24
1827 24
1828 24
1829 24
1830 24
1831 24
1832 24
1833 24
1834 24
1835 24
1836 24
1837 24
1838 24
1839 24
1840 24
1841 24
1842 24
1843 24
1844 24
1845 24
1846 24
1847 24
1848 24
1849 24
1850 24
1851 24
1852 24
1853 24
1854 24
1855 24
1856 24
1857 24
1858 24
1859 24
1860 24
1861 24
1862 24
1863 24
1864 24
1865 24
1866 24
1867 24
1868 24
1869 24
1870 24
1871 24
1872 24
1873 24
1874 24
1875 24
1876 24
1877 24
1878 24
1879 24
1880 24
1881 24
1882 24
1883 24
1884 24
1885 24
1886 24
1887 24
1888 24
1889 24
1890 24
1891 24
1892 24
1893 24
1894 24
1895 24
1896 24
1897 24
1898 24
1899 24
1900 24
1901 24
1902 24
1903 24
1904 24
1905 24
1906 24
1907 24
1908 24
1909 24
1910 24
1911 24
1912 24
1913 24
1914 24
1915 24
1916 24
1917 24
1918 24
1919 24
1920 24
1921 24
1922 24
1923 24
1924 24
1925 24
1926 24
1927 24
1928 24
1929 24
1930 24
1931 24
1932 24
1933 24
1934 24
1935 24
1936 24
1937 24
1938 24
1939 24
1940 24
1941 24
1942 24
1943 24
1944 24
1945 24
1946 24
1947 24
1948 24
1949 24
1950 24
1951 24
1952 24
1953 24
1954 24
1955 24
1956 24
1957 24
1958 24
1959 24
1960 24
1961 24
1962 24
1963 24
1964 24
1965 24
1966 24
1967 24
1968 24
1969 24
1970 24
1971 24
1972 24
1973 24
1974 24
1975 24
1976 24
1977 24
1978 24
1979 24
1980 24
1981 24
1982 24
1983 24
1984 24
1985 24
1986 24
1987 24
1988 24
1989 24
1990 24
1991 24
1992 24
1993 24
1994 24
1995 24
1996 24
1997 24
1998 24
1999 24
2000 24
2001 24
2002 24
2003 24
2004 24
2005 24
2006 24
2007 24
2008 24
2009 24
2010 24
2011 24
2012 24
2013 24
2014 24
2015 24
2016 24
2017 24
2018 24
2019 24
2020 24
2021 24
2022 24
2023 24
2024 24
2025 24
2026 24
2027 24
2028 24
2029 24
2030 24
2031 24
2032 24
2033 24
2034 24
2035 24
2036 24
2037 24
2038 24
2039 24
2040 24
2041 24
2042 24
2043 24
2044 24
2045 24
2046 24
2047 24
2048 24
2049 24
2050 24
2051 24
2052 24
2053 24
2054 24
2055 24
2056 24
2057 24
2058 24
2059 24
2060 24
2061 24
2062 24
2063 24
2064 24
2065 24
2066 24
2067 24
2068 24
2069 24
2070 24
2071 24
2072 24
2073 24
2074 24
2075 24
2076 24
2077 24
2078 24
2079 24
2080 24
2081 24
2082 24
2083 24
2084 24
2085 24
2086 24
2087 24
2088 24
2089 24
2090 24
2091 24
2092 24
2093 24
2094 24
2095 24
2096 24
2097 24
2098 24
2099 24
2100 24
2101 24
2102 24
2103 24
2104 24
2105 24
2106 24
2107 24
2108 24
2109 24
2110 24
2111 24
2112 24
2113 24
2114 24
2115 24
2116 24
2117 24
2118 24
2119 24
2120 24
2121 24
2122 24
2123 24
2124 24
2125 24
2126 24
2127 24
2128 24
2129 24
2130 24
2131 24
2132 24
2133 24
2134 24
2135 24
2136 24
2137 24
2138 24
2139 24
2140 24
2141 24
2142 24
2143 24
2144 24
2145 24
2146 24
2147 24
2148 24
2149 24
2150 24
2151 24
2152 24
2153 24
2154 24
2155 24
2156 24
2157 24
2158 24
2159 24
2160 24
2161 24
2162 24
2163 24
2164 24
2165 24
2166 24
2167 24
2168 24
2169 24
2170 24
2171 24
2172 24
2173 24
2174 24
2175 24
2176 24
2177 24
2178 24
2179 24
2180 24
2181 24
2182 24
2183 24
2184 24
2185 24
2186 24
2187 24
2188 24
2189 24
2190 24
2191 24
2192 24
2193 24
2194 24
2195 24
2196 24
2197 24
2198 24
2199 24
2200 24
2201 24
2202 24
2203 24
2204 24
2205 24
2206 24
2207 24
2208 24
2209 24
2210 24
2211 24
2212 24
2213 24
2214 24
2215 24
2216 24
2217 24
2218 24
2219 24
2220 24
2221 24
2222 24
2223 24
2224 24
2225 24
2226 24
2227 24
2228 24
2229 24
2230 24
2231 24
2232 24
2233 24
2234 24
2235 24
2236 24
2237 24
2238 24
2239 24
2240 24
2241 24
2242 24
2243 24
2244 24
2245 24
2246 24
2247 24
2248 24
2249 24
2250 24
2251 24
2252 24
2253 24
2254 24
2255 24
2256 24
2257 24
2258 24
2259 24
2260 24
2261 24
2262 24
2263 24
2264 24
2265 24
2266 24
2267 24
2268 24
2269 24
2270 24
2271 24
2272 24
2273 24
2274 24
2275 24
2276 24
2277 24
2278 24
2279 24
2280 24
2281 24
2282 24
2283 24
2284 24
2285 24
2286 24
2287 24
2288 24
2289 24
2290 24
2291 24
2292 24
2293 24
2294 24
2295 24
2296 24
2297 24
2298 24
2299 24
2300 24
2301 24
2302 24
2303 24
2304 24
2305 24
2306 24
2307 24
2308 24
2309 24
2310 24
2311 24
2312 24
2313 24
2314 24
2315 24
2316 24
2317 24
2318 24
2319 24
2320 24
2321 24
2322 24
2323 24
2324 24
2325 24
2326 24
2327 24
2328 24
2329 24
2330 24
2331 24
2332 24
2333 24
2334 24
2335 24
2336 24
2337 24
2338 24
2339 24
2340 24
2341 24
2342 24
2343 24
2344 24
2345 24
2346 24
2347 24
2348 24
2349 24
2350 24
2351 24
2352 24
2353 24
2354 24
2355 24
2356 24
2357 24
2358 24
2359 24
2360 24
2361 24
2362 24
2363 24
2364 24
2365 24
2366 24
2367 24
2368 24
2369 24
2370 24
2371 24
2372 24
2373 24
2374 24
2375 24
2376 24
2377 24
2378 24
2379 24
2380 24
2381 24
2382 24
2383 24
2384 24
2385 24
2386 24
2387 24
2388 24
2389 24
2390 24
2391 24
2392 24
2393 24
2394 24
2395 24
2396 24
2397 24
2398 24
2399 24
2400 24
2401 24
2402 24
2403 24
2404 24
2405 24
2406 24
2407 24
2408 24
2409 24
2410 24
2411 24
2412 24
2413 24
2414 24
2415 24
2416 24
2417 24
2418 24
2419 24
2420 24
2421 24
2422 24
2423 24
2424 24
2425 24
2426 24
2427 24
2428 24
2429 24
2430 24
2431 24
2432 24
2433 24
2434 24
2435 24
2436 24
2437 24
2438 24
2439 24
2440 24
2441 24
2442 24
2443 24
2444 24
2445 24
2446 24
2447 24
2448 24
2449 24
2450 24
2451 24
2452 24
2453 24
2454 24
2455 24
2456 24
2457 24
2458 24
2459 24
2460 24
2461 24
2462 24
2463 24
2464 24
2465 24
2466 24
2467 24
2468 24
2469 24
2470 24
2471 24
2472 24
2473 24
2474 24
2475 24
2476 24
2477 24
2478 24
2479 24
2480 24
2481 24
2482 24
2483 24
2484 24
2485 24
2486 24
2487 24
2488 24
2489 24
2490 24
2491 24
2492 24
2493 24
2494 24
2495 24
